JOB DETAILS::
Sample: SAMPLE03.dat
DL + WL1
9003
SCH
1
CONTROL DATA::
     11     10     4     1     1     0     8     0      4
NODES::
       1      0.0000      0.0000
       2      0.0000      4.3360
       3      5.9000      5.5160
       4     11.8000      4.3360
       5     11.8000      0.0000
       6      0.0000      3.0000
       7     11.8000      3.0000
       8     -3.0000      0.0000
       9     -3.0000      2.5000
      10     14.8000      0.0000
      11     14.8000      2.5000
MEMBERS::
    1  1  6 1 0 0
    2  2  3 1 0 0
    3  3  4 1 0 0
    4  5  7 1 0 0
    5  6  2 1 0 0 
    6  7  4 1 0 0
    7  8  9 1 0 0
    8 10 11 1 0 0
    9  9  6 1 0 0
   10  7 11 1 0 0
SUPPORTS::
    1  1 1 1 1
    2  5 1 1 1
    3  8 1 1 1
    4 10 1 1 1
MATERIALS::
    1 7850.000 200000000.000 0.00001170
SECTIONS::
    1 0.00080750 0.000007585000 1 C25019
JOINT LOADS ::
MEMBER LOADS ::
    1  7 1 0 -0.511 0.000 0.000
    2  9 1 0 -1.829 0.000 0.000
    3  5 1 0  0.511 0.000 0.000
    4  2 1 0  1.829 0.000 0.000
    5  3 1 0  1.316 0.000 0.000
    6  6 1 0  1.191 0.000 0.000
    7 10 1 0  1.316 0.000 0.000
    8  8 1 0 -1.191 0.000 0.000
GRAVITY LOADS ::
