JOB DETAILS::
Sample: SAMPLE01.dat
DL + WL1
9000
SCH
1
CONTROL DATA::
     5     4     2     1     1     0     4     0      4
NODES::
       1      0.0000      0.0000
       2      0.0000      4.3360
       3      5.9000      5.5160
       4      11.8000      4.3360
       5      11.8000      0.0000
MEMBERS::
    1 1 2 1 0 0
    2 2 3 1 0 0
    3 3 4 1 0 0
    4 4 5 1 0 0
SUPPORTS::
    1 1 1 1 1
    2 5 1 1 1
MATERIALS::
    1 7850.000 200000000.000 0.00001170
SECTIONS::
    1 0.00080750 0.000007585000 1 C25019
JOINT LOADS ::
MEMBER LOADS ::
    1 1 1 0 -0.511 0.000 0.000
    2 2 1 0 1.829 0.000 0.000
    3 3 1 0 1.316 0.000 0.000
    4 4 1 0 1.191 0.000 0.000
GRAVITY LOADS ::
